62
84
27
65
52
22
32
61
61
2
72
36
43
45
79
82
63
65
37
14
17
57
57
28
12
27
89
93
19
49
46
94
95
20
27
85
86
52
64
99
42
76
49
11
70
73
26
56
85
71
30
31
63
48
56
80
62
18
19
60
92
24
29
68
92
25
67
76
39
36
51
19
95
96
25
62
62
16
46
68
25
8
96
18
76
68
4
8
83
16
58
41
32
21
78
3
32
50
24
51
48
12
61
64
8
2
94
74
95
76
86
15
42
51
79
94
15
65
50
68
94
3
32
32
7
65
34
58
35
45
61
69
26
4
23
71
78
10
38
62
37
85
14
40
93
70
39
79
48
32
65
95
84
89
71
25
53
23
40
55
74
72
48
90
55
35
68
59
73
20
1
62
96
54
59
48
13
15
11
49
24
0
49
78
12
59
32
69
71
80
24
55
97
96
11
66
21
21
4
29
76
19
9
2
21
35
7
23
75
31
48
64
69
58
23
60
43
70
39
98
75
71
2
73
79
70
4
93
7
15
80
37
19
57
4
50
66
73
84
16
50
38
54
8
92
44
77
63
37
72
20
82
46
20
11
23
49
52
31
64
36
68
27
71
28
60
11
58
56
95
82
88
95
45
13
50
9
41
61
60
9
62
42
88
56
40
14
6
82
55
42
17
22
73
97
26
20
26
86
31
67
22
23
27
26
82
20
60
84
11
75
14
15
35
95
40
14
2
95
89
79
27
91
6
52
53
23
11
9
45
13
35
64
1
9
48
34
25
96
52
65
98
41
7
92
29
89
62
86
47
19
62
51
76
63
98
53
88
15
1
59
14
67
36
85
4
31
64
23
64
57
29
68
34
61
32
24
67
25
79
81
26
84
78
47
74
98
93
75
43
51
93
54
73
45
69
99
72
94
19
6
54
55
7
38
44
22
96
70
32
2
13
64
43
36
4
46
80
68
83
1
61
43
43
8
30
63
54
67
48
53
72
19
47
50
91
53
4
85
20
70
66
82
62
25
51
87
78
65
84
68
76
3
47
85
46
96
69
41
76
55
64
24
32
21
42
85
79
78
5
8
48
1
67
51
53
42
26
16
73
7
96
64
65
41
76
55
75
72
26
43
17
61
33
55
23
49
77
89
13
46
79
17
63
67
41
86
6
33
30
62
92
21
90
90
97
70
16
20
90
64
73
32
67
95
19
19
80
86
62
54
67
23
66
16
10
47
34
6
25
20
57
84
0
91
84
54
48
60
76
57
7
97
10
77
4
79
77
6
16
28
50
8
35
31
47
15
17
66
15
9
66
65
71
39
93
40
47
62
5
42
51
84
61
46
4
2
34
35
79
55
54
89
41
90
36
96
18
80
80
75
8
53
18
26
55
21
55
76
31
24
95
80
62
47
44
80
1
55
44
53
33
83
60
30
31
13
39
92
78
50
50
7
13
99
52
81
89
37
93
84
72
93
67
26
24
74
62
15
27
75
94
0
72
40
8
38
0
25
46
65
71
90
75
45
26
59
55
28
74
47
31
28
30
41
26
52
85
15
5
62
19
59
49
39
56
73
70
79
36
6
55
13
30
42
53
66
42
65
25
10
1
56
67
31
41
56
73
98
14
88
97
6
85
87
83
76
56
58
27
1
39
16
64
86
74
84
82
37
83
28
85
38
26
11
75
77
5
26
43
56
26
28
4
58
54
67
38
30
64
8
11
9
33
38
7
38
55
16
70
39
20
61
36
66
98
36
51
52
45
6
4
83
58
39
52
30
96
43
37
97
17
25
62
34
45
57
11
67
70
60
7
68
44
88
96
5
1
52
93
17
3
69
44
29
69
90
93
68
39
2
52
44
94
39
19
37
97
97
96
87
22
6
74
19
52
9
59
91
58
13
3
19
81
75
27
7
56
12
5
25
57
69
59
77
43
54
27
98
51
78
59
1
76
41
42
40
73
64
27
88
93
25
53
51
5
87
33
25
34
73
78
52
45
40
50
63
33
53
73
92
85
51
10
93
35
41
77
92
57
4
50
92
6
52
13
60
21
59
27
7
91
98
72
86
23
47
70
58
7
36
54
47
21
42
43
94
12
51
0
91
5
98
63
30
2
76
77
59
46
13
0
86
96
50
28
50
26
9
93
94
42
7
94
56
20
9
45
42
1
70
23
0
73
6
55
8
45
27
33
31
76
82
84
12
80
29
10
98
76
36
65
75
49
38
73
87
34
97
35
76
13
22
49
55
57
92
16
49
93
40
3
34
87
14
11
62
87
79
14
